run10
obj:
[-1426.36016323 -1003.06904865 -1317.26437226 -1489.11899863  -918.2679727
  -894.81048079 -1287.45752468 -1166.43199164 -1304.17706393 -1238.91913464]

[-1490.28677691 -1193.7449348  -1388.1518665  -1661.72508738 -1092.23047016
 -1051.52713968 -1351.9360029  -1179.66244449 -1476.76181525 -1272.13409645]

[-1451.01235351 -1063.54626965 -1354.16595431 -1580.66801316 -1092.23047016
  -936.91106847 -1346.34749491 -1178.21071474 -1336.18813921 -1248.31739479]

time:
[  15.22099996   38.86800003   66.76800013  225.32499981  173.65299988
  209.44599986   17.704        14.56999993   69.97900009   80.51499987]

[  38.46099997  169.50999999   17.3829999   603.08100009  604.16800022
  602.87199998   33.98699999   10.31000018   89.77699995   23.98900008]