run1
obj:
[[-1208.15578773 -1176.23318514 -1157.03175235 -1214.17407328 -1187.6061547
  -1217.16044503 -1230.71162675 -1195.32912774 -1207.21416334
  -1229.62477651]]

[[-1262.90731887 -1244.0541958  -1210.56372574 -1271.40353588
  -1240.84888269 -1280.25239806 -1296.5169661  -1259.59380528
  -1261.61464883 -1267.05622777]]

[[-1244.10062928 -1214.63880643 -1193.88977514 -1247.98737804
  -1230.15319953 -1271.27918164 -1273.33835567 -1236.25457507
  -1239.76468954 -1255.28528441]]

time:
[[  4.80100012   6.67700005   8.52399993  23.97099996  19.58700013
   28.98399997  47.56299996  94.49799991  21.77699995  19.74000001]]

[[ 15.58800006  17.17900014  19.82800007  26.28299999  37.40799999
   28.72299981  29.28299999  37.04500008  29.70099998  62.54100013]]