run1
obj:
[[-1075.80308331 -1144.66051611     0.             0.             0.             0.
      0.             0.             0.             0.        ]
 [    0.             0.             0.             0.             0.             0.
      0.             0.             0.             0.        ]
 [    0.             0.             0.             0.             0.             0.
      0.             0.             0.             0.        ]
 [    0.             0.             0.             0.             0.             0.
      0.             0.             0.             0.        ]
 [    0.             0.             0.             0.             0.             0.
      0.             0.             0.             0.        ]
 [    0.             0.             0.             0.             0.             0.
      0.             0.             0.             0.        ]
 [    0.             0.             0.             0.             0.             0.
      0.             0.             0.             0.        ]
 [    0.             0.             0.             0.             0.             0.
      0.             0.             0.             0.        ]
 [    0.             0.             0.             0.             0.             0.
      0.             0.             0.             0.        ]
 [    0.             0.             0.             0.             0.             0.
      0.             0.             0.             0.        ]]

[[-1440.        -1362.8136087     0.            0.            0.            0.
      0.            0.            0.            0.       ]
 [    0.            0.            0.            0.            0.            0.
      0.            0.            0.            0.       ]
 [    0.            0.            0.            0.            0.            0.
      0.            0.            0.            0.       ]
 [    0.            0.            0.            0.            0.            0.
      0.            0.            0.            0.       ]
 [    0.            0.            0.            0.            0.            0.
      0.            0.            0.            0.       ]
 [    0.            0.            0.            0.            0.            0.
      0.            0.            0.            0.       ]
 [    0.            0.            0.            0.            0.            0.
      0.            0.            0.            0.       ]
 [    0.            0.            0.            0.            0.            0.
      0.            0.            0.            0.       ]
 [    0.            0.            0.            0.            0.            0.
      0.            0.            0.            0.       ]
 [    0.            0.            0.            0.            0.            0.
      0.            0.            0.            0.       ]]

[[-1440.         -1304.75163916     0.             0.             0.             0.
      0.             0.             0.             0.        ]
 [    0.             0.             0.             0.             0.             0.
      0.             0.             0.             0.        ]
 [    0.             0.             0.             0.             0.             0.
      0.             0.             0.             0.        ]
 [    0.             0.             0.             0.             0.             0.
      0.             0.             0.             0.        ]
 [    0.             0.             0.             0.             0.             0.
      0.             0.             0.             0.        ]
 [    0.             0.             0.             0.             0.             0.
      0.             0.             0.             0.        ]
 [    0.             0.             0.             0.             0.             0.
      0.             0.             0.             0.        ]
 [    0.             0.             0.             0.             0.             0.
      0.             0.             0.             0.        ]
 [    0.             0.             0.             0.             0.             0.
      0.             0.             0.             0.        ]
 [    0.             0.             0.             0.             0.             0.
      0.             0.             0.             0.        ]]

time:
[[ 2.22899985  7.47099996  0.          0.          0.          0.          0.
   0.          0.          0.        ]
 [ 0.          0.          0.          0.          0.          0.          0.
   0.          0.          0.        ]
 [ 0.          0.          0.          0.          0.          0.          0.
   0.          0.          0.        ]
 [ 0.          0.          0.          0.          0.          0.          0.
   0.          0.          0.        ]
 [ 0.          0.          0.          0.          0.          0.          0.
   0.          0.          0.        ]
 [ 0.          0.          0.          0.          0.          0.          0.
   0.          0.          0.        ]
 [ 0.          0.          0.          0.          0.          0.          0.
   0.          0.          0.        ]
 [ 0.          0.          0.          0.          0.          0.          0.
   0.          0.          0.        ]
 [ 0.          0.          0.          0.          0.          0.          0.
   0.          0.          0.        ]
 [ 0.          0.          0.          0.          0.          0.          0.
   0.          0.          0.        ]]

[[  1.75600004  15.13100004   0.           0.           0.           0.
    0.           0.           0.           0.        ]
 [  0.           0.           0.           0.           0.           0.
    0.           0.           0.           0.        ]
 [  0.           0.           0.           0.           0.           0.
    0.           0.           0.           0.        ]
 [  0.           0.           0.           0.           0.           0.
    0.           0.           0.           0.        ]
 [  0.           0.           0.           0.           0.           0.
    0.           0.           0.           0.        ]
 [  0.           0.           0.           0.           0.           0.
    0.           0.           0.           0.        ]
 [  0.           0.           0.           0.           0.           0.
    0.           0.           0.           0.        ]
 [  0.           0.           0.           0.           0.           0.
    0.           0.           0.           0.        ]
 [  0.           0.           0.           0.           0.           0.
    0.           0.           0.           0.        ]
 [  0.           0.           0.           0.           0.           0.
    0.           0.           0.           0.        ]]