run10
obj:
[ -40.53957007  -78.57044     -41.86197396  -73.24962746  -70.90139791
  -64.08029937  -36.97386797  -66.81004401  -56.82450179 -137.90014603]

[[ -42.29878474  -41.72471296  -41.69382025]
 [-136.39239541 -109.83077823 -109.86606027]
 [ -84.97784341  -66.07129045  -66.00716781]
 [ -78.84548347  -78.84548267  -78.8454825 ]
 [-109.82699647 -102.85017237 -102.63310585]
 [-134.92236928  -96.59550907  -95.77618136]
 [ -68.13173741  -53.65357581  -53.43556352]
 [-128.83228501 -103.37837691 -103.03647637]
 [ -62.33975029  -62.33975029  -62.33975029]
 [-138.59947958 -138.59947958 -138.59947958]]

[[ -42.29878474  -41.96390954  -41.85228447]
 [-136.39239541 -116.47636161 -109.89252179]
 [ -84.97784341  -83.13322548  -69.91705797]
 [ -78.84548347  -78.84548347  -78.84548347]
 [-109.82699647 -109.82699647 -102.85017237]
 [-134.92236928 -111.70516113 -100.21039   ]
 [ -68.13173741  -68.13173741  -60.5404249 ]
 [-128.83228501 -117.59772621 -105.18316496]
 [ -62.33975029  -62.33975029  -62.33975029]
 [-138.59947958 -138.59947958 -138.59947958]]

[[ -42.29878474  -41.74136289  -41.74136289]
 [-136.39239541 -109.85098306 -109.85098306]
 [ -84.97784341  -66.38752974  -66.38752974]
 [ -78.84548347  -78.84548347  -78.84548347]
 [-109.82699647 -109.82699647 -102.53047305]
 [-134.92236928 -106.33169386  -97.00873556]
 [ -68.13173741  -68.13173741  -55.05922554]
 [-128.83228501 -116.26840398 -103.27545582]
 [ -62.33975029  -62.33975029  -62.33975029]
 [-138.59947958 -138.59947958 -138.59947958]]

gap:
[[ 0.          0.00991082  0.08032806]
 [ 0.          0.0009415   0.00126234]
 [ 0.          0.00672611  0.00997303]
 [ 0.          0.00981892  0.0099171 ]
 [ 0.          0.0031084   0.001     ]
 [ 0.          0.00661296  0.02881783]
 [ 0.00047838  0.00918916  0.00999951]
 [ 0.          0.00690495  0.00998608]
 [ 0.          0.          0.        ]
 [ 0.          0.00357109  0.00357109]]

time:
[[  3.32999945e-01   2.36451000e+02   3.60277700e+03]
 [  3.62999916e-01   1.83500004e+00   2.49000001e+00]
 [  2.91000128e-01   5.80599999e+00   2.30873000e+02]
 [  3.17000151e-01   1.93800001e+01   3.94043000e+02]
 [  2.69000053e-01   1.16900015e+00   3.87300014e+00]
 [  3.07000160e-01   5.61860001e+01   3.60129400e+03]
 [  3.30999851e-01   6.65000010e+00   3.44788600e+03]
 [  2.79999971e-01   2.85539999e+01   2.56616000e+02]
 [  3.04000139e-01   1.00900006e+00   2.04699993e+00]
 [  2.63999939e-01   1.04100013e+00   2.85400009e+00]]

[[ 0.08099985  0.08500004  0.08000016]
 [ 0.08299994  0.06700015  0.07500005]
 [ 0.06900001  0.07200003  0.09599996]
 [ 0.06699991  0.06800008  0.07200003]
 [ 0.07000017  0.07599998  0.06599998]
 [ 0.07299995  0.07399988  0.09500003]
 [ 0.07999992  0.06900001  0.08599997]
 [ 0.07999992  0.07500005  0.09000015]
 [ 0.07800007  0.06900001  0.0710001 ]
 [ 0.07700014  0.07299995  0.07200003]]

[[ 0.19200015  0.23600006  0.2019999 ]
 [ 0.14700007  0.20899987  0.19700003]
 [ 0.14699984  0.19599986  0.22600007]
 [ 0.14599991  0.1559999   0.16000009]
 [ 0.13699985  0.171       0.17199993]
 [ 0.15199995  0.20700002  0.24699998]
 [ 0.1650002   0.1789999   0.2190001 ]
 [ 0.16300011  0.20000005  0.21099997]
 [ 0.15199995  0.16499996  0.18099999]
 [ 0.14999986  0.16499996  0.16000009]]